- id: 1
  btfs_file_id: 1
  user_id: 1
  file_name: 'hello.txt'
  file_size: 10000
  expire_time: 2019-12-31 12:00:00.000000

- id: 2
  user_id: 2
  file_name: 'hello1.txt'
  file_size: 9000
  expire_time: 2019-12-31 12:00:00.000000

- id: 3
  user_id: 2
  file_name: 'hello2.txt'
  file_size: 9000
  expire_time: 2019-12-31 12:00:00.000000

- id: 4
  user_id: 2
  file_name: 'hello2.txt'
  file_size: 9000
  expire_time: 2019-12-31 12:00:00.000000
  deleted: 1
